10000
19024
18063
17776
28128
17800
19221
22162
23204
10750
31659
4134
7203
10771
32766
32441
16900
14044
25756
7472
14830
11384
26108
950
4776
6305
27839
761
31358
20352
7989
32662
31975
17094
11299
8657
17254
20216
12995
11658
23982
29450
27661
5741
21769
9776
31029
9320
3834
16369
31605
15458
17185
9853
22796
8490
2144
14144
21383
16557
15676
7607
21311
24941
20358
3203
3107
17454
10042
3260
24503
3570
14503
22407
8285
3624
464
28139
6612
13601
30483
25312
766
20163
8968
2985
15590
21889
32172
2660
769
29067
16063
26336
28852
30785
12138
10670
23
32750
16165
11643
26105
23475
24536
6813
28452
5057
27968
16619
17121
11723
9109
17362
11967
22972
26986
19621
24465
22181
28884
14133
11190
9209
29646
27810
21149
21244
4060
24688
21895
3193
1263
25565
19855
7859
23433
17266
25320
10143
13857
25305
18791
12112
20937
19182
26177
18099
31246
24088
789
32380
29728
9946
12845
19040
9523
29861
18433
9349
30756
15089
3580
1335
18016
26252
4739
732
18434
7473
14900
11818
20283
7004
30315
32407
21239
9309
17675
25361
3261
14507
23931
19184
11735
1660
12014
15145
28596
18578
5096
17348
906
1880
24318
27024
9535
28717
9437
22549
21898
14080
26509
28618
32598
13853
1783
1160
3175
16454
6821
24639
11583
22790
6346
24040
22595
18242
28290
12474
17434
13841
27994
11169
24918
22478
12819
7404
5974
16235
26787
4677
18538
25607
4477
6375
24889
707
11282
19979
30560
21202
27288
21411
15196
16336
21258
32075
16810
7765
29040
18813
26412
3785
32608
31492
21711
634
9413
26291
26219
5867
13791
18774
30955
15216
4747
14825
25517
21751
2757
3080
8492
21545
27755
13991
27356
29106
7747
4867
19541
1244
27712
2008
29108
10339
26881
29909
13630
8581
2203
29261
12359
15704
22680
14639
21331
6240
31040
18232
18810
1121
15383
4967
11025
114
2982
26290
17286
30547
126
11511
28300
14336
18299
21045
20600
23686
15686
32764
28139
4886
25373
20258
26290
32088
4311
16824
22506
6657
2082
6460
10600
27816
19728
23824
19032
22486
26578
9515
8483
23900
29635
32015
12951
14569
8104
29435
17474
2267
821
10081
32286
31062
28116
28826
20340
9619
4771
26329
6906
9083
13755
27742
28222
28021
16056
1516
18504
7804
21622
6012
13179
13428
26136
22835
14013
19646
17743
6290
25048
3850
13785
6637
31007
14956
5703
11806
1108
2227
1540
20602
17609
23542
11411
24836
22214
27247
1560
20193
555
23692
22810
18188
32342
4420
14727
15179
11591
31912
15608
21858
4610
21690
17463
10886
1589
129
32255
17172
29467
32093
1794
19075
4512
11929
19248
31640
30150
19263
3127
7384
26951
24112
12614
8515
22908
3187
17431
16703
23677
5582
16172
8147
4490
17299
4441
20501
24746
14781
31362
20198
23953
24123
9638
17628
20935
19084
9244
9344
12807
31628
11805
30906
742
13198
19587
30601
28853
17066
20432
11511
7847
10585
14450
21069
28983
18751
29766
9603
22468
6215
5466
21754
22910
2549
26103
21358
27014
8952
32223
10278
18001
27391
15571
3949
26702
12494
20056
32582
17352
21649
6843
25692
25101
3184
18771
11064
5584
22371
14342
27062
20172
4680
3086
15546
20650
25395
16381
11807
20773
28421
21247
14064
16748
3392
32096
12763
18119
28185
3662
20962
9854
26319
22239
29012
10487
22588
18006
19708
14366
25514
7074
32664
15625
25063
20519
20877
221
20636
8129
12504
5355
10714
20998
25928
1567
23030
10444
21738
24475
18327
6124
27845
16543
8717
10821
456
2476
27108
14339
15873
25833
26553
21025
28176
11717
1357
1836
17114
31710
15576
25930
23426
21794
4768
23932
11157
19251
19657
27680
4484
2064
23919
10938
12632
3571
13042
12019
26529
11893
25233
23266
26799
31992
24891
651
24581
16454
16033
2725
9227
10102
5776
25761
20995
17936
11390
3047
26174
7025
25955
26723
9360
10608
5066
14912
25857
24129
18983
29427
6341
21914
10091
8060
7023
13589
20950
18408
9313
10198
5132
26651
27783
15725
20588
26060
23621
12285
16029
10193
21933
21918
10089
12957
28406
16641
4815
28167
12585
21843
7251
30797
12062
20835
24985
10840
2215
5638
16178
12609
11787
11195
20406
24853
30646
19339
24851
9429
26158
28467
21540
12225
7753
11397
6790
21462
30110
24588
18087
8598
9017
27375
25119
13575
26771
2071
32324
21502
18113
31892
13048
16797
5099
10045
32710
27419
1280
13207
17198
20931
32680
29689
15420
22080
18554
9965
19040
18711
24944
11224
24441
25717
11415
27358
22579
4907
9995
29696
11923
10487
20515
6535
15056
28677
4329
2470
30309
12213
14285
11099
30052
4255
23706
17046
2573
469
16552
8093
18079
871
32596
23983
20846
31277
8877
29927
16182
28864
28784
9060
26543
27082
823
29095
26721
10112
1005
22076
18874
3180
6021
15517
31326
31088
21739
29523
5310
19720
22331
17758
8940
26575
16434
17111
21678
23109
16098
31956
23505
8143
28329
14476
25279
2815
8803
23996
20820
18198
28639
9289
21486
4807
3984
17702
22723
6206
25733
12920
30584
1633
16539
6904
30447
20310
14578
15513
25952
12357
7837
19052
30379
26207
28574
27072
7404
13599
21521
2701
3920
8655
31655
7955
13096
2127
28502
30398
6972
27922
11087
16461
4450
12393
5425
30515
24143
1796
8828
16445
17324
23477
17224
31094
23661
32376
25911
328
22366
17585
8872
30947
16382
32436
29229
1507
18833
26250
27200
22316
20593
27635
27953
28953
1445
423
20835
1239
30900
20449
22968
22283
29627
28702
4682
31163
23998
5666
25948
23915
5948
19005
31888
32134
1286
6348
16986
11264
15697
23298
6068
16442
2825
31977
4627
11558
15208
25763
21914
17067
27080
24310
24462
7755
15797
13576
21771
3843
20295
20326
10741
28786
9646
2635
13360
16702
1039
7968
32532
30900
30863
18239
29467
24494
25005
31740
9693
28858
24020
30694
26175
888
22832
23882
22759
18244
11714
9721
14579
20757
2479
16459
4330
16549
4062
32100
32754
16595
26305
13494
24388
26437
10611
16583
23518
14161
28420
14645
22647
19486
23569
3575
11192
28166
29335
26597
3753
5951
5128
29307
20330
11195
27039
29402
7203
26700
9969
20495
31293
19724
23238
28824
15827
1788
16934
4388
5475
7403
20919
30875
32202
25498
26950
11614
12911
32029
26019
4048
28094
26500
1202
32277
3544
24251
20415
25882
29064
5551
18
25301
8570
2738
4547
24014
6567
31521
30928
13790
18196
14916
11373
29238
3516
28533
31899
4260
27338
32645
26108
23058
1804
9563
22502
24656
19877
32222
8374
2323
23298
2838
29799
19005
22543
29325
16739
31582
5546
31484
18328
24699
31832
3363
9679
21007
9270
15353
20793
9808
10547
6149
11083
16307
3965
21004
10700
25778
19513
28908
17709
17613
18039
7880
8472
20175
25701
20837
9035
15442
30914
20948
27815
30341
9366
26450
26756
14381
289
10604
26184
4330
9745
15719
28984
11708
24568
734
23182
2757
11004
29613
10699
29265
17873
15118
26446
27923
28900
18434
29990
1969
11737
24307
27173
4484
4920
28311
9013
14489
2147
11287
32495
9979
32204
14961
30570
1332
30052
24859
3665
1553
28503
5609
16185
24486
3830
24112
27697
21906
3060
19244
30874
14468
17366
5535
1593
32510
32677
7355
2186
23385
16870
19522
8791
29450
12492
11756
394
6947
28843
10761
11584
15901
688
15207
31262
20180
31696
6774
6376
27859
10238
9130
29519
7634
28065
32033
19211
16509
1349
16262
20266
7287
22928
9781
7080
13215
9080
2719
22335
14482
5812
12016
25472
20081
12912
7152
21283
30180
2629
5671
6812
19294
7016
28229
12015
31395
546
12481
1732
2952
9088
30911
12734
27642
8011
27191
31241
23362
7738
5972
17458
6791
20583
21786
8508
1685
12288
17228
18160
32477
23615
2957
25204
15804
8348
7109
31007
1536
31809
24518
19340
18856
15806
15920
28397
11755
1790
23697
4258
4220
19833
28369
6155
29197
10924
5582
6810
27154
4294
4419
22060
1991
14245
18670
9625
17524
22016
28914
9097
27375
31462
19834
28554
6243
7015
22943
18784
14929
10385
21900
30364
11732
16798
32735
9841
25641
22123
32339
18370
12398
20012
14748
1407
8874
1631
12435
23858
5134
15870
1683
981
18555
16633
20771
3303
18756
26595
26837
1983
23860
16363
16750
1823
16851
28431
3398
18188
2533
10380
12274
25821
17716
17817
17441
23955
21903
22100
14532
18024
5395
16125
18802
29611
12713
13666
22026
458
25040
12954
23962
29873
22173
11510
8319
24914
3839
11829
11726
21893
28744
6647
24563
29203
18409
14453
3224
27405
6781
22894
27593
25187
25610
9061
31317
20657
11651
25353
23415
28764
7057
28405
32181
24286
23186
29593
1801
26718
3043
15224
19519
12676
6234
18325
22430
13195
3095
19495
17098
16024
24445
26004
26601
30282
20859
6557
11781
31890
14096
30934
29873
16069
25614
29786
25328
6383
4382
15292
7506
17259
25348
14145
10080
16048
30500
29260
29754
12654
6469
2585
27263
27866
1686
29870
24429
2885
25070
13327
19786
23796
15704
18866
18690
5932
23759
32306
31505
31116
5702
20807
8099
23968
29420
9718
20986
25778
30125
32517
10001
14307
11004
24498
23423
3707
26064
9381
6301
28286
19948
26914
5355
23424
9060
19587
5040
26553
23389
11238
2017
23388
31252
9251
24132
26149
20002
28673
13013
3889
28926
30377
30057
22291
12483
7770
16785
16420
18227
14175
28097
12570
508
4926
5554
26077
16443
7219
9220
25238
26943
220
7976
7432
16527
18486
15741
20515
15150
25032
1209
11734
14877
1566
30859
25382
20002
31609
7295
8829
26824
4805
19745
10308
7847
28875
13413
28083
24293
30632
23878
32232
17405
25726
10926
8503
25023
30057
13718
21186
13465
11189
22126
13385
5652
32334
23999
29763
23201
4215
16399
23085
31894
16575
14597
27938
30836
9265
10701
26796
15979
16844
14014
29658
23840
8755
26682
20114
18861
1957
21206
26921
26857
25134
2747
6705
15851
21535
26189
26258
25033
23229
21514
4061
10405
28470
18356
23772
6123
13273
690
20590
4564
389
15284
17041
23087
26978
27030
4033
22624
32464
13703
21121
15017
32157
22634
23351
24232
8315
26492
23100
8993
15281
21559
28724
1790
28688
9079
6299
14740
2601
8156
8865
40
25021
2927
11320
5298
19829
5256
21355
25056
32467
4591
4593
16478
23145
19009
30466
6485
8265
19093
13161
4658
30908
4192
11227
9640
14647
2710
1415
19960
30090
13842
24814
9328
12635
22840
14069
6705
17875
8921
3128
11830
20375
12374
28322
17554
14586
16137
28987
761
13425
3296
6720
22146
15175
11339
30585
1707
25745
20313
19655
31134
10341
19998
4349
3507
25415
27735
11504
11317
11748
8785
12498
31081
23811
27910
29627
17868
15800
27017
20873
9373
25050
16293
31466
19355
4280
8129
2999
8208
12296
22535
23428
5390
14624
17606
15477
16121
3689
8212
7251
16453
17680
29879
15326
29569
14078
14406
28773
30357
28939
20619
9109
31560
20846
2092
1423
261
27256
13962
9533
23518
32131
7914
25317
11473
8741
19155
28926
12106
28073
25526
22339
32746
11967
20437
11271
16519
4466
5725
30664
15732
16219
20181
30470
30722
20500
8124
11861
14918
7664
4206
1202
6173
21225
12872
22547
366
16858
25868
16450
18863
24559
14983
29674
18603
29273
15729
1010
30850
17478
8084
24843
13553
30992
4913
24453
32723
20148
21407
11623
28392
25735
8501
28350
9942
23076
13418
29749
1901
23209
27707
16358
27951
26659
15309
19568
11280
31558
6996
19018
10106
19298
51
18263
11156
21138
8293
29882
27588
25143
1307
32491
19059
23460
12454
11274
19984
24859
23448
13428
26455
4857
3366
2453
27859
11565
4817
32509
28577
6382
6982
2485
19832
18094
30850
2515
9190
25673
19769
21068
2268
17283
10617
25354
11373
1201
23179
2366
18387
22966
29210
23032
32179
30001
18582
15093
4002
31221
32475
28087
3303
32442
17166
20699
24194
31250
23752
19368
21614
10910
17527
6116
6180
20353
18945
24043
10336
17685
3754
22274
16935
23005
22071
27112
23305
28603
29523
30126
4260
15715
21299
16073
12649
17424
27766
12902
17059
19830
5455
29693
10164
1527
1253
26921
20130
1817
1018
14263
1491
26168
4299
27132
24341
7032
31288
11628
17378
21758
13861
24425
7905
2656
30496
23641
16047
25689
17732
17659
21984
19650
7773
11771
15425
15037
24909
28100
21856
3892
2222
31893
16463
5506
30904
6871
13476
31855
25701
12718
12484
23394
3540
8654
23906
6098
26091
29840
19010
16126
20289
9028
26691
10206
2107
26825
25756
29017
117
20828
18790
12472
7523
31918
1883
25691
12856
17977
19677
32426
12038
18387
20026
7503
19239
27268
25390
16547
11997
31125
7593
5989
24629
27625
15827
12978
30513
22417
10061
13873
23845
17306
15290
22671
7010
19497
15999
18475
32018
19659
9670
18450
2147
1286
31945
6445
4840
27444
15181
953
30012
8593
13932
5368
8680
16786
3736
25894
9094
29048
16093
31151
17959
30758
12646
6047
28659
17199
32067
6746
27919
4916
12650
8845
12996
17005
20731
12644
24029
22917
25800
1022
28752
26283
17940
17182
4641
19174
1691
23331
22916
29096
6611
4154
24130
9895
9074
8914
7261
32232
3888
6224
27127
540
21966
31748
1136
7472
4951
11356
30927
28448
21158
2136
27491
1804
12840
4414
682
12941
17891
21647
31089
22345
23223
12857
7229
2757
32484
21262
13802
23675
29645
25461
12178
1581
27900
26208
26544
30328
16485
13438
1157
27052
27631
31665
17851
1243
5168
21186
6473
10032
24696
13652
30614
25986
22546
31766
19169
25641
9414
9533
26080
785
24226
306
19879
4109
17659
6023
23244
29549
2222
22576
30153
2770
2987
27888
29345
9793
14773
16145
20423
23415
24163
1368
23611
9084
7275
28216
2294
30331
27167
14918
27016
22993
14136
23277
10240
5220
8147
26979
28684
32054
20665
2523
5473
6202
227
3837
31069
30054
9278
29075
29675
1545
15275
28805
17320
23647
26186
27911
18756
2402
6136
22289
4650
3300
6422
15887
30307
3035
13197
23003
19895
16636
12558
8168
22
23435
3743
14528
30007
16497
2387
27056
10111
24975
26712
18113
24100
8018
10295
16619
21138
26759
27480
25734
17678
3185
21445
23553
17561
29465
10799
2774
11799
12262
30262
21693
9904
8813
27621
25889
5495
6538
21116
2768
24649
11440
18547
31734
28664
16253
2235
5708
16297
25490
5447
28557
31611
3233
27339
18986
29290
19143
8644
16958
24434
32541
8376
18116
19959
16010
17343
13064
7524
22235
7490
7259
26643
10773
13315
10251
20845
21513
25181
32146
32594
20010
15054
10510
17083
1436
5554
497
13213
6029
11345
27130
17425
10184
25884
30820
3763
1415
13620
25949
25671
4745
15148
18873
23715
8293
30480
1768
28361
14366
17318
27429
21587
32759
29939
26097
15380
13193
16385
24768
4092
25106
20448
4082
21052
26384
11243
20484
21931
20751
21324
25352
21864
10943
12739
8786
12225
23113
20899
30837
18516
2787
28445
14190
21876
21667
20672
7966
7375
5776
2369
10238
25421
14079
1656
26126
5179
15901
4524
6158
25512
32456
9488
14065
28687
16803
14989
6543
10039
9833
30658
154
29272
12161
23370
7891
28031
11219
20285
29053
11827
29403
17657
32018
23897
9979
15906
16950
10325
29206
26343
32489
19826
28762
9607
4096
18308
15709
17172
1750
23756
22380
4472
18239
5403
19744
12981
16829
23354
26929
25969
7671
19850
20623
31409
26982
488
18095
22757
7762
16595
3107
12325
5885
31697
2926
17338
16670
782
18454
27872
9616
15943
17403
15050
6220
27878
20198
21479
9365
12655
29797
31844
2418
27674
31703
26098
23137
10434
11971
11465
6218
9213
22894
9708
22194
11149
14764
25263
16689
24055
20470
3447
5414
3441
18109
962
25513
18945
25598
20839
12225
22244
14615
28958
15575
3885
1241
30274
8555
32174
31710
982
29190
11291
27420
13511
6256
28013
26811
22896
11042
10117
1828
11875
22782
24594
15963
28775
15678
4276
32654
29117
12203
1634
9966
5288
25871
20489
16317
20268
29676
117
20136
7189
4462
18293
5720
32059
6815
9786
2628
29445
15834
17153
25545
3372
22658
8178
3452
30913
23795
14663
22719
12146
21689
20144
12690
11273
21249
23542
17580
18485
27468
1247
19403
10125
107
30803
29768
21458
32679
3772
5102
28276
23616
10163
8204
7000
24345
2776
6857
2265
7857
20481
27320
14605
13141
4760
20652
28745
31636
29758
28622
27879
1268
12980
7148
19526
27875
21756
25108
16659
19952
13243
32610
32455
3387
24802
14870
32369
7210
12941
20713
182
606
29996
29858
28950
17382
2272
32740
3697
30642
28200
24906
31945
8778
1468
27574
9289
10432
1977
229
390
28642
30207
19015
19206
31669
3543
29710
4095
8991
31962
7813
13408
11236
23822
31140
28181
25300
15441
16097
10119
1090
13051
32072
27491
2231
19903
27598
15773
10728
20178
13795
1460
13286
2639
30278
28215
30357
25051
21533
23944
27487
9093
30277
27616
25385
20463
16615
31379
20614
2995
4428
20630
555
16384
27634
24638
24996
11908
20703
6730
2629
31887
10805
29220
19554
31093
2311
30564
28867
9268
9323
10390
20562
13398
20176
25405
5143
10777
21906
5400
12646
10702
32460
4771
30295
9855
6510
14049
14967
8148
21391
12377
1981
30519
19204
8030
20416
8247
3121
27028
294
12330
29471
26288
4448
4375
8911
19071
20117
23507
1742
28714
3547
7529
4874
27320
2477
3007
13796
32468
1178
28023
12422
27089
1082
14612
18807
6635
14438
12126
3436
15312
25256
29959
4706
16735
20977
28558
28905
17839
18058
26980
26563
29267
21069
16718
23981
18908
2325
10506
13693
31648
5491
14133
10349
9402
1443
20588
6839
8786
25790
11186
7778
22815
29744
30225
6235
5673
6509
22916
15303
27860
21472
27413
20376
13850
20260
17475
29278
5400
25975
19366
20576
9420
9836
28886
32748
13085
13792
24456
30699
11547
5934
28154
21688
8329
14503
19090
24371
30361
21308
11458
2577
19446
29310
3374
22902
2567
14537
10513
26821
9587
13243
21724
695
9696
21739
25121
32682
23297
25304
7344
24124
25295
30240
8960
18969
25878
22259
7632
1297
10292
20166
6925
26222
25373
16972
4087
25732
28835
10146
18048
23689
18421
11466
14836
3239
24165
8794
9951
29776
22126
32373
21036
3794
8181
3067
19338
7211
28111
6653
12052
27678
9348
16244
10800
24454
9810
1842
18359
5099
8309
6168
18263
27987
15782
11658
1078
29274
25058
29728
11992
11909
21356
7838
24131
3796
29973
18215
15457
27798
30139
28845
20901
14977
6416
15532
13297
2050
32156
10520
7352
20178
1030
27284
10848
16074
15247
14052
20714
31736
30687
5029
15828
754
29700
32059
13118
10090
9912
31244
7757
24835
11234
28140
27853
23139
26464
16855
26138
30346
17668
13286
2880
16482
14812
25468
16993
30871
27319
28096
20823
13736
7140
11857
27547
19007
20029
30773
22373
26046
11621
23314
28181
8986
13133
18592
31698
31212
9469
11870
17009
17861
19601
22404
9112
22466
5249
11065
13859
18017
26662
6919
19142
28563
32122
21900
9204
24851
27680
4466
25856
6901
13732
1185
31875
24706
8963
23474
3581
2883
7022
17831
7871
5212
22603
26586
2568
18460
6781
20020
110
22481
17637
11167
5759
15841
40
32446
9897
10262
19379
28379
2647
23610
8189
29985
28253
19172
1548
9739
18070
17553
18491
12060
9419
1270
8250
23761
30423
2197
1622
15572
28681
24719
1531
12402
8650
30905
15223
847
1920
1009
24320
23128
2482
691
249
3834
15468
6119
23409
19089
23781
8189
23789
30244
21087
15932
20583
21071
13903
21591
18070
19328
10174
6210
9328
24167
28143
15427
31470
8359
11842
23884
3087
16850
14680
11144
8479
6292
13176
308
5689
4142
7217
23472
16139
2598
31041
27350
2265
2109
10422
10890
32196
12962
7763
14994
3405
3685
4149
26793
15893
30766
22199
8398
11494
14127
914
14306
31991
15447
29769
17522
7532
25033
25540
31186
2077
16012
16186
14699
23960
25220
16981
20053
617
3745
7825
1833
8601
15702
12774
8720
14452
3917
4262
16160
3983
28761
26280
19689
17674
2220
29606
9034
19475
20042
9956
16522
1451
19133
7698
23715
22189
26890
2932
18145
24332
24549
18240
16812
13916
3105
4168
20642
20884
20330
16344
11498
30226
18230
29922
21444
24031
28665
31320
25444
28981
2200
27866
14848
14654
18977
25489
2856
28703
18361
8283
24406
21045
2774
2856
12742
5278
16302
31908
8327
9468
1519
7190
25299
5749
14768
21639
31132
24575
18599
9512
20071
20442
26525
20718
13405
22621
15392
12671
32671
6646
20088
12625
9947
20077
22492
12560
8989
31080
16613
23617
487
564
25666
12582
23939
6850
27054
16353
12184
6128
19743
25819
12796
7946
26176
615
16841
19601
1058
32163
30899
14395
28974
671
28824
31290
29535
21442
25945
5569
7342
10345
10473
27845
32717
24272
7587
8449
7447
1334
10977
1596
7112
32316
24522
2510
9065
17551
14443
13153
27023
4550
14602
8949
18373
27790
21430
12327
28103
25092
19491
3762
1009
28258
3509
7222
20982
22750
10203
15160
15829
1743
25758
24426
14089
2578
11642
12077
25088
28332
12908
24149
6095
2992
1868
9772
3620
23396
11101
32441
15228
7839
12067
32066
19350
20341
27764
31759
14375
10006
1234
28529
22991
15092
6648
3075
1356
29988
29875
8752
2286
27655
3571
21237
7754
23849
11810
488
9267
20329
5812
10362
13542
8283
27136
28281
27781
234
17742
11225
29639
9538
16689
14259
8941
11245
19479
10382
20728
59
4894
27102
8985
15336
27945
19146
28777
19449
31796
27186
3546
23783
30948
9201
5741
20991
23650
25439
934
19465
23658
32538
10814
808
28063
519
28439
30721
16418
1427
18549
16415
27234
319
24426
29078
13878
13147
26002
29159
17449
1809
29441
11300
30996
7078
122
29269
27123
20733
20961
3609
14833
32093
25843
17553
7877
12403
14389
20857
32577
10139
32298
7576
24616
22363
4297
13403
4929
11824
14638
15549
23721
29838
8080
31081
621
28194
30579
5155
31320
8282
15391
14436
10762
25127
4432
16708
27978
6402
7215
32413
22174
18221
26753
21870
24088
20283
11807
16253
29298
4306
2726
28225
8286
17072
879
5374
17431
11756
25538
7730
31036
11902
19270
20528
15582
7426
188
9483
30168
1465
23789
22965
22366
20689
25057
30824
20953
16358
21074
25157
1522
25800
23904
7228
28141
30079
12935
25387
12601
8588
4557
19274
22085
19570
11328
28358
18069
20853
26783
28588
22804
13474
24664
20745
22188
25871
10418
27472
11540
29796
15436
32763
17385
26522
6342
12405
10241
1283
25790
23608
252
17291
12798
10802
1307
16189
12275
16750
24406
22281
25186
29936
15272
22468
12374
26337
28078
22640
24413
26348
25968
11198
20211
4071
26239
2769
2111
26806
13632
23877
30205
3180
11911
17008
22716
7604
32103
16359
19273
2416
25417
14660
27499
23711
17980
5415
31440
12676
31116
13179
3144
30725
29846
6395
4401
7505
27610
29684
23346
22213
82
24140
26157
5137
30979
195
32366
23702
15057
31609
5929
7187
29335
14257
25891
8833
9591
1748
4527
23355
7023
12985
6620
32610
22573
25379
11757
18304
5669
31883
9481
24683
30688
23584
22836
10093
25495
5389
32638
29089
15616
4858
20602
25248
29032
17877
5362
5725
2562
15058
27353
8782
14463
18096
22145
12749
4574
9535
29711
16829
27526
12831
23851
16240
3730
7882
5884
3784
13676
18900
7251
15261
1949
7026
22566
23135
2019
2874
9281
23549
10372
13097
8248
22789
31203
5098
29856
6156
10065
28245
22142
21328
13861
22071
24320
412
15119
25169
2923
9836
31145
7587
31061
27986
8783
7658
13076
5272
8753
25447
8310
27431
14758
26082
28595
26023
19652
29423
2719
3816
8749
16752
27684
22401
1067
24155
27120
2231
30720
22205
18027
24224
32631
17151
7916
3464
6335
5992
2604
13971
28793
24036
31483
4004
31248
15620
15153
17022
25161
28741
4840
18217
4123
5525
28648
15768
10176
29715
8547
2696
17420
8215
31715
15275
23038
8306
31104
30470
31381
30967
10838
31127
26340
15930
2358
26940
10857
5783
2204
32208
12187
19574
27617
17815
706
21966
16562
2268
14091
29928
3265
4312
8668
22118
954
21974
24677
20611
22905
22677
23416
10140
1146
10990
15770
31728
1169
27574
3930
17572
475
14822
28129
31754
22516
25337
4043
24866
24938
20630
3125
29281
6002
31087
6167
1458
23002
22889
11733
8635
29503
13565
21264
31841
11648
11230
28866
17038
2674
24284
29066
3377
29910
11528
6724
10119
32136
19481
20701
2714
30969
16398
17765
12807
4318
30229
12646
11779
7722
1708
8565
5792
24378
25350
32006
17485
24144
29104
16517
29084
7235
24180
7586
10825
21365
8574
30188
11127
26372
445
25505
6460
21061
5772
17604
11616
11374
3218
31857
17250
5266
12774
24174
26044
6611
3447
30978
16488
29651
1452
12554
7331
8043
23111
25673
18929
13216
30095
1536
6241
722
22702
27070
18450
23607
10072
12410
4598
392
5805
3039
11734
9466
17249
19431
31127
880
13082
27307
9659
28399
1305
2682
2859
23890
5661
6696
3635
20287
7044
5032
13006
9049
31156
2269
17956
10679
22969
29358
16721
2966
16943
30297
18792
23370
14179
5385
28855
24699
9909
31146
7501
29837
8513
22780
14522
864
10686
6118
3350
1082
6565
11278
29509
32513
24982
27302
13944
29102
10489
14729
20727
10750
4321
22150
26143
26474
7733
10491
7590
22874
3857
20902
17447
19862
8042
27833
21722
8957
241
14892
20642
21625
2618
8279
1614
12338
24862
15552
12312
3842
9310
30514
2674
8234
22664
19215
18435
7491
7199
15078
1772
31351
26358
8776
11087
26352
22749
23000
17170
12689
23423
24994
22240
26084
7051
1454
19569
13652
7442
12500
15884
157
28465
25041
27466
5504
17135
30363
10012
29883
26984
16882
26383
13368
32044
7992
22479
20869
15074
30850
6890
2180
19761
29423
4567
612
4064
13625
23095
28879
3643
31881
24410
26981
16569
29584
9477
5482
19933
32723
12147
2491
21082
31046
11417
23303
29818
29
17071
16955
18112
25823
10219
25918
15821
22204
26512
6111
15744
19488
30759
10508
353
22920
1804
4164
25664
27285
7469
3918
19225
4446
271
7212
14139
24587
31250
10059
17321
160
22773
4604
4545
32534
27036
26920
26907
31152
12817
14398
3764
11148
8906
2161
5964
1401
7210
24609
14604
18696
27977
22166
24684
23014
12280
4084
3156
14696
9728
13675
13697
24680
31659
15791
17707
27472
4998
6568
24293
19572
16228
6506
452
30885
2726
7527
17603
16898
31162
26595
12902
21778
25314
8873
1950
3088
17463
27901
23021
3206
15085
1489
26826
25374
32728
26172
7751
4532
3375
24615
753
17327
20881
5450
10488
7314
5189
23127
21136
21710
28358
23156
22422
6363
32639
3823
3703
24198
14803
24365
15438
9357
30560
31972
20556
20585
11909
20618
28253
7787
29217
2574
3336
22538
7838
10693
10903
17532
22575
5543
23929
1923
15957
3771
17380
25226
30888
6864
5823
3056
212
13934
25534
4260
19938
25356
13007
29682
17593
25987
6837
412
4580
18627
2290
1581
20629
30917
16619
24970
8938
2497
22087
10186
8048
32672
9880
17479
14310
10676
5693
21237
32067
26279
5255
9203
25850
25777
11034
7520
29564
12814
7318
28528
28670
12720
22135
20159
1405
18481
14906
10469
29952
21771
450
1866
15646
19467
17145
5180
23231
771
22202
30270
1831
1984
9967
30115
5936
4667
10230
8284
24534
26387
330
24591
17401
15931
10591
13929
20319
496
30925
5044
761
31215
30897
31660
13927
14052
28752
27790
12989
21029
30206
15475
27272
21920
1855
24796
29452
24595
27691
21646
8912
22907
27159
4000
31069
19406
2417
17874
13378
13292
29420
24352
13659
24275
10205
24215
7763
10003
6629
11112
17768
9859
26065
28731
26478
12337
13758
1221
15127
9887
3713
5533
18801
556
3142
32331
12208
7120
21110
2466
11822
4108
13023
3153
10416
20001
20495
3508
31723
10113
16128
29424
19527
29571
27643
24638
12770
7002
18102
17543
26072
8776
31168
17202
21698
32271
12574
28730
14972
21417
13367
4739
11052
27704
22253
24686
11647
30272
1549
27307
18998
26388
29417
10574
13538
4238
8771
24357
29163
16131
25197
18249
7639
29558
27823
16628
14793
3596
13801
28050
8520
31936
12921
29979
3394
16984
4447
25759
18513
27032
12959
23331
30780
14517
23783
30891
8385
14605
30322
17304
17298
26388
17708
30772
16797
7826
31255
30348
24976
5900
3053
17022
8093
1151
9479
18962
10875
12373
10365
26126
12717
7825
4751
18628
26886
4941
14404
20271
25965
3174
10832
26686
14046
886
16187
1648
25521
3074
2240
20385
10527
8693
14452
32548
9474
15437
14248
11793
19676
30741
30351
30176
22043
28563
13988
8503
29595
4546
21574
24321
3181
3587
21413
11200
20439
10255
13538
25892
19099
2096
21362
15324
24956
23473
21700
30636
21759
22930
27171
16832
12911
32641
27101
26944
22051
6918
933
22052
25348
29438
5174
7754
21321
9546
23609
28869
1669
3272
7785
19321
28900
17282
26869
12005
20401
5414
3621
17471
1820
30135
4161
10694
3387
20609
1199
22868
1614
17234
12891
23858
30279
6631
28508
18225
11146
7589
468
7670
18161
3466
2071
13462
1299
21090
11280
8291
11462
17214
9697
16645
18146
3618
20938
3788
840
6398
23884
9028
28451
28383
20366
12298
24686
3431
28927
22495
15031
9851
22077
7675
28962
10811
4662
24483
27056
11575
21389
3070
9665
32479
28991
3621
21464
1084
10886
7545
11935
10974
7677
26681
19755
2070
15365
19540
18560
30821
14440
4731
23128
21299
16189
24443
22816
1732
28940
20426
13636
12393
27186
29023
23468
1267
22918
4039
8583
7533
27196
1654
7495
31755
1290
3419
4332
23901
11402
13239
18822
10696
30944
32046
6133
6967
30364
21791
18164
27406
27874
19505
12886
7264
20168
21550
25486
13921
23551
28181
22389
798
13494
32362
20808
9835
25787
15313
24304
8477
10723
27611
29319
5242
31149
25120
13591
23022
2594
30094
30373
17152
25087
24576
24430
5507
13334
15378
18032
6161
2546
5428
20780
17077
442
15870
16555
26600
9047
24772
4031
27071
4313
32361
18059
20322
5655
20344
10053
20160
23446
15216
6203
7809
16557
23136
28436
9276
8422
13492
345
21227
2214
13647
7732
19868
7441
474
21879
8809
15144
11611
12255
12713
4660
30985
15515
5480
15720
5983
6152
7445
8386
9583
20415
12667
3378
20089
18385
13555
28670
19900
1361
13271
4453
17036
531
31033
9859
2725
28084
23509
14964
5823
32730
22341
12988
28002
16317
17780
29414
20476
25831
19541
25452
13873
13624
21461
24535
4978
1068
6158
20519
6865
14177
11197
29045
29971
29779
32502
4567
7431
23402
15894
17284
22039
29752
7418
19257
28957
12027
25198
19931
21368
8042
18408
349
29790
21678
375
25828
17523
29358
502
17449
13211
28815
20357
2591
18701
8315
31802
9943
426
25762
5907
3232
26764
13695
10543
2162
7649
23901
4926
31117
16378
3353
24375
11357
27295
11817
23113
23713
16550
5597
2835
8908
13252
32229
22551
20651
32418
26132
29292
329
1331
17252
22708
24592
3910
8249
1614
27440
4439
4586
8909
13637
30635
10109
17832
27188
10140
13746
8754
6997
11057
9284
12237
5848
15089
8299
8795
20065
6649
22693
18166
4342
30797
9654
6369
7195
20332
17645
8894
18491
27943
1962
1
21578
8370
7197
4772
5289
15868
21328
16669
2378
27452
2152
20621
7956
27852
3368
12090
8329
25403
16310
17215
6566
12190
11682
4482
13066
29222
26660
20711
18523
22264
28069
15811
15846
9528
19585
16788
22917
17511
25356
17135
8902
11248
24787
12729
3657
28925
27940
9114
30826
26255
5840
5295
13088
974
28975
8319
11045
1182
613
18225
26712
30834
26340
4860
27999
13157
20018
12766
14992
21895
13549
22417
30738
23668
12
31675
2879
29484
23911
18533
6989
29726
3450
19630
18734
20870
31333
18368
7860
22521
16440
8196
30969
32574
2670
23186
29182
15712
27319
9964
3474
4097
3323
21227
11638
12273
27803
15097
4286
8960
28410
2689
25210
8208
1852
24740
7062
31086
18253
11566
15359
354
549
22984
7943
7428
25419
4975
28427
31058
8088
18468
31827
5760
9022
11493
31545
7567
24841
24541
28046
13345
9956
31448
15161
17036
7070
10745
15905
24621
18926
6831
17742
23039
23733
22245
21323
1899
28804
24697
7118
24930
7774
8432
1178
4010
9151
360
11685
24693
19420
16077
17526
24120
32301
20048
9938
30650
5673
26133
6295
28268
26705
32300
4328
32504
6255
24003
25226
30748
9504
2202
17294
13241
19600
8375
30769
9767
11909
4186
9472
30668
20383
4147
3136
23789
25054
24019
14988
8131
30308
13921
26304
4306
31868
27022
2326
20854
12764
6346
28047
11455
26663
30393
17813
29310
17334
6880
31966
2208
22424
15781
21907
9915
17111
28790
4018
28647
13053
9800
8113
24271
28631
8259
14436
14344
21625
4795
11296
30369
22914
5731
26913
26363
5282
14781
5417
25562
20825
18133
3178
27069
9985
4399
18342
29803
12302
24574
28053
23247
18069
18582
4999
7429
27147
3364
29002
22709
12880
21405
3150
22432
29675
18676
7687
27768
31128
1168
14739
4597
30464
16381
29853
37
6343
14050
6017
11268
21963
17203
6320
25932
26027
2471
26455
1678
135
19053
18747
27522
19463
10779
20455
8604
6559
1767
10506
1759
23057
11801
19995
19190
27187
1472
22334
1665
7410
32420
30059
23725
9879
25213
22477
23303
19785
21090
104
2962
723
2436
19455
27926
19368
14364
12597
17852
5924
2722
31474
984
27925
12608
520
8454
5242
31622
10775
15224
6027
23647
9646
22926
18681
27204
17842
2983
11894
12207
22532
24632
29816
24531
22878
24091
20282
17290
32382
31017
27908
29327
22663
13578
23981
11501
6308
27212
4958
26807
14062
25011
24728
26618
144
14800
6009
27376
20776
19157
11835
21110
31601
31912
3325
18112
9504
17206
26822
13900
6667
13578
20423
16660
23184
28702
19168
25608
26933
16625
14438
30907
7052
16345
17444
23901
29274
22683
8351
22761
15607
28729
26015
3999
3064
7435
14314
7093
14092
9489
7763
7754
31268
13960
10227
23707
28119
3771
18359
15737
24324
796
2331
15099
18873
8339
564
7280
31571
21782
9972
3223
8167
22394
25002
24595
16097
16777
5320
8217
27371
4180
27113
11628
10513
32459
4626
3979
21282
28298
23352
17448
31065
21238
16131
8925
1852
21129
20178
10523
12229
4714
8447
16995
25792
24641
9060
24760
23924
11849
30494
31060
28805
5543
14736
14746
17689
21242
24235
2124
7994
28979
109
9982
19324
5799
18344
1994
28127
10338
20997
11078
14326
14270
14664
6835
19017
28213
8150
21111
17657
27508
26228
12494
19362
18864
28497
15548
133
15421
4679
22854
15079
31837
9822
14561
31924
30806
17554
9515
27496
30919
10198
28377
20527
12347
20056
6640
25419
26879
16391
6713
26295
17713
7763
13294
21514
17690
24883
21690
8605
1982
25965
30945
25328
31152
12306
28858
18506
26155
2887
6758
16800
7775
24651
25532
18616
11017
29366
10371
5775
15430
24831
16612
18423
19369
3649
21534
13700
9355
22847
17276
681
18082
17573
16773
10271
22230
29841
26994
32134
4687
9553
27365
1615
30675
32623
7639
1497
6991
27882
4818
7898
22451
21447
29537
513
21251
22984
18118
28634
2219
5500
28394
4593
19988
20600
29082
28474
1396
16099
25071
32688
29418
20536
32270
9021
26570
32071
21778
32730
14390
14205
2375
2807
12014
23910
665
16925
29544
22640
9548
22226
5668
18418
24813
20925
14138
23916
11144
28938
31541
19985
15643
17936
16931
32130
8011
22065
21741
17885
25942
17154
31973
246
8265
15788
14750
14052
25459
18835
2304
5568
27929
4661
30107
5801
18283
22612
24380
29707
30135
14935
12734
21793
477
23534
32291
21177
32259
12533
10724
14648
20105
28571
10372
11229
20543
28099
29547
3402
11990
28074
13298
20800
32661
7626
21435
7082
29773
20479
26435
20701
14991
11241
9914
31518
23324
24721
26898
10596
11677
6479
21846
11104
13461
14827
15933
20155
30099
9730
23551
415
8620
6059
22631
32376
8744
18779
24873
25852
23932
30470
13431
25705
18553
31367
23503
23309
6082
1858
2327
3852
9603
18696
18923
25694
24416
27195
1334
13335
20652
17714
30463
10475
7388
17630
7814
17649
32315
14510
21136
29863
7391
8113
28671
21303
20955
12027
22181
1016
10934
5961
10330
17720
16668
19944
32332
8249
15060
23762
2199
23161
1522
32283
19478
3126
9550
1675
29304
50
8500
25485
24726
16564
28765
12359
1795
30159
27934
9739
8421
30950
10976
27630
21764
16752
16336
2486
27937
3833
22232
506
6025
29801
7629
22404
26346
10377
25578
506
1124
16323
31869
5566
18403
13098
14816
8978
10925
22714
5291
4224
18487
12512
21288
29817
24893
11581
17671
12860
5393
21671
26451
24057
17716
26736
1189
11318
22307
28395
9624
28787
18547
18221
25980
28425
18720
10769
32591
1624
20515
15487
9961
29473
24130
5869
630
13361
25388
26149
22569
20800
30917
2377
17455
2328
26815
20757
2786
11002
12394
17509
23360
7997
30413
3575
5531
25400
10485
30577
27281
31842
12429
5542
26175
9912
30895
2581
15282
16991
13562
32178
25758
17547
7909
14570
26963
12191
7506
31969
25836
22166
2663
510
6602
28577
2969
16297
10817
14865
12297
24915
18832
15224
18708
3255
30999
22539
12581
23904
9668
19019
29902
14700
14799
15845
4632
25487
30375
4566
16919
28251
11052
1490
193
29886
6686
22247
18176
15308
9429
3934
11013
8638
3635
3554
23264
32315
27096
2020
9549
22487
2964
2877
1233
4826
2850
17173
24838
32066
12307
1028
31283
23563
23048
25464
13088
23981
14628
24151
11561
5607
27329
21221
27280
26299
20066
20967
27416
31418
9961
2825
30415
13441
23563
22653
2859
14212
28672
11749
7768
28170
32127
28275
11473
12409
20969
28238
17710
29140
30661
9016
1596
5506
17772
18543
17235
21073
17413
31184
17124
18106
692
2626
19282
8807
10767
6482
29187
2290
25554
11291
24758
4592
27347
19817
1303
2606
22328
31006
24208
23098
31463
22228
24163
13861
25150
1987
3574
31368
19717
3045
28525
23237
13216
601
19582
17551
11401
18694
26497
7341
17918
16256
17095
14586
10231
12591
29229
15281
4699
10926
10993
13287
2931
15985
1476
10073
21151
31915
10016
26984
27464
8814
16859
25442
21525
17428
10237
12803
15970
30431
24015
15420
23022
15836
25396
10034
2259
15885
10044
19338
4028
32198
23031
4068
5714
13144
4231
19621
3063
26349
28537
7418
17591
27571
20310
16666
25211
29757
3956
30155
24192
17958
2834
25895
18184
20727
25764
5280
1360
11338
7020
29762
16321
16688
8010
29496
11370
8913
22229
15762
26542
23122
19370
1861
9018
10748
28933
2163
16699
2970
14478
3821
12237
28194
26997
18679
6326
30360
28096
11595
14676
18480
2532
9312
30420
6067
12947
22251
677
3619
29910
17831
9004
16034
9307
3665
29882
13200
17424
503
14011
22260
23793
28787
31024
14877
14109
19763
15967
137
10544
4411
25800
29189
29133
32364
27996
30742
20346
10246
29162
2712
19121
25708
24538
20389
26163
3111
19229
29368
10656
10798
28004
30482
14917
356
9616
2397
30261
2915
2922
5264
17819
21624
27541
7698
5710
22766
16321
11554
13734
18320
30496
16758
31887
19817
8990
7458
475
20174
23629
26044
18141
12703
29598
24766
4659
7369
17367
20267
27875
20751
14145
11382
30122
32523
21921
21663
32400
15983
28266
21919
10432
2705
13105
28678
29335
26663
22113
2787
27643
6222
560
7908
1262
31954
15314
23742
10850
4521
1772
4815
9551
8128
23883
5634
28676
3323
20182
12788
30139
28023
24001
25685
28783
14866
27396
26512
22770
20525
18188
20654
7482
7856
15024
17527
4347
9295
7270
2011
19580
8972
17847
28561
28067
11517
31984
29438
28497
28240
10011
26200
2806
22668
22061
8203
22620
4889
1921
3420
8135
21763
9861
31308
4672
3067
10164
4287
23598
29855
20420
21213
17958
2043
31520
5305
22532
25167
31128
14640
12859
1810
21079
13845
4457
9784
1046
9099
12335
18097
5520
23217
31551
31282
2614
26501
19382
32311
3875
20994
7085
28233
29778
652
26890
27516
17935
17806
15004
23869
6827
12898
31592
12106
26740
31089
8253
12546
30692
23963
19343
31199
17945
23769
25474
30529
27525
19488
20036
1901
23271
27273
18592
17877
3194
12208
2768
27802
26988
22873
12179
28495
2961
31834
4480
13056
9561
7349
4762
1906
9728
4356
548
17837
28164
13594
5303
14264
10204
12263
8849
11684
6375
20636
8240
25547
32419
18192
1312
7770
19487
15202
5393
7693
23475
2273
16172
21050
26862
8232
1959
27665
26320
21645
12183
14114
1593
6333
3846
23328
162
28320
21830
27364
31499
3715
9092
25780
5428
2421
13728
1990
30992
27377
3389
8960
32375
7614
21268
16642
14107
6164
25229
21862
30397
4864
13200
20294
11169
20745
5784
13567
6975
14356
30474
11573
22331
17029
6086
6424
32407
2983
32251
9189
7976
31566
32319
27567
19270
21691
8159
10079
14280
11455
19059
28154
30256
2852
29110
802
7970
15176
13205
19680
283
4107
7302
22176
10079
7915
1563
1405
19763
13934
17367
25023
4429
5057
4672
6562
32137
7070
31797
8538
14045
6770
10882
5203
27023
20416
20914
15293
17829
18624
12837
24136
8094
20045
24162
15660
2399
27134
15277
25197
30576
18066
28893
9309
18024
28561
14184
610
13478
13360
17088
16121
9282
12661
12770
23291
14659
18333
16171
22048
10259
32443
8814
22721
18480
7841
22853
10978
16163
32259
18852
7279
22454
19674
29364
17094
22882
24071
8158
12150
29703
13369
21029
1094
5088
22032
21434
2170
12725
11651
10698
9041
29522
30335
22683
24530
12345
208
11735
24008
11924
18757
1320
21516
11373
11791
15108
2050
2337
17003
16843
24166
8978
1409
3343
26953
15773
139
18226
5974
844
4153
1335
26714
30796
23892
27858
19204
28961
18595
193
2025
24984
19979
1887
24010
6141
8953
16247
13082
14479
5125
22358
187
3377
26063
23076
23049
32098
15661
1908
13849
17007
21129
18713
24130
11239
29828
15163
9693
2128
7647
31403
20298
1560
8860
11636
16948
8399
14432
31155
30485
28307
24092
24232
15356
25035
26348
9228
13966
21272
11328
21413
18250
26504
11065
28953
12818
9997
4438
25600
12263
22318
31823
18492
19957
28157
28993
6285
15823
12617
20236
26464
31483
22036
16377
6632
27057
13383
28321
22896
21216
25253
522
12016
24946
20222
9490
31966
1233
9893
7441
19270
23722
8996
13242
6685
4593
3885
30786
11731
16677
6100
7109
2599
22997
15868
27877
3903
5987
31759
14004
27896
30472
29683
1748
24699
20248
14649
7900
28689
27527
2967
5374
6456
21421
5528
26599
9462
7494
914
2535
5741
28861
1753
10066
26544
8874
6450
11302
2261
1689
5258
19693
21835
24333
29416
5861
29550
3780
19105
19295
21081
28477
23243
2661
14843
28792
15347
4255
8558
26109
2323
3192
16259
9503
5310
20092
2466
22658
32414
22788
5329
11483
15648
4886
3346
15095
28526
8839
14066
21247
2974
12642
12127
3322
15656
8846
23994
17043
1950
31146
19501
22044
407
31292
23103
27348
15341
16907
32165
29285
10536
25289
1371
13233
6457
16117
4852
11982
7532
11776
15919
591
26776
11183
5834
13766
32664
5824
30875
3463
19967
17104
26076
19374
29448
24956
23495
611
23244
1735
21859
23388
30648
19643
28829
30884
12349
23124
27034
21147
21705
20889
24652
14143
12791
26892
7235
20137
4867
13380
17094
18650
18560
24537
13091
6328
1869
25728
32067
24660
13253
30071
9857
29294
27958
11812
12476
3387
28052
17145
6059
12902
4463
14746
14449
16468
7203
27714
22386
12460
3151
23651
14436
8215
5256
6284
31913
836
3150
14736
15324
11568
27966
15077
2730
2724
12426
12874
25571
14079
8359
10924
10192
20021
29509
9803
9672
8216
16260
3097
25598
10454
9317
1122
6557
29379
13182
2226
3863
17753
29683
10996
22713
17789
4513
22487
8068
27396
3228
6262
27704
28534
31964
5943
10417
6674
15923
27635
19318
3346
6274
29528
24976
30768
14381
13708
27288
21608
2764
8211
15124
3328
21540
5875
22788
14790
3925
8470
1719
20121
28756
13295
28643
25642
6556
25185
11509
32260
23073
29404
4262
29130
1926
8393
29647
21440
18575
3368
29566
3213
25561
8823
21833
31808
26313
28630
1506
20112
14530
16234
26092
25704
28315
27647
22797
30371
29264
14833
19269
22036
21239
14156
8318
27849
20726
26418
16996
25744
31348
15485
16502
5819
27661
10150
13917
10529
2506
15334
27773
31845
17488
12186
26315
20347
15959
15340
21982
15463
26206
8112
7752
29256
22685
18828
27174
20630
7484
27996
30966
18344
5826
2260
8617
8825
13520
7015
15097
7595
16143
5480
24061
28620
19559
17008
14075
9945
14962
13055
22653
32512
14640
26982
17575
5802
16124
19940
8391
9145
30910
11791
18222
3598
2659
19317
11071
4943
13194
15748
17349
22503
11392
10919
28554
2382
20335
7346
2085
30090
25042
29824
5907
15350
4652
16602
24841
31554
32250
31899
15241
8379
21478
30738
24756
15564
26173
29096
13663
197
16803
8643
13672
18908
7174
15850
31306
23922
12240
14121
4080
14999
22369
14263
3015
9423
31932
9174
6679
19478
12672
8699
30099
13859
795
28207
32047
19690
24378
31925
23601
13924
7299
12269
30859
22930
31623
9592
7016
13504
13298
24221
2053
26887
25093
18411
29890
7957
26695
25632
6777
10545
6519
7754
19982
1657
16068
1836
22599
11118
20033
483
32734
13235
26003
9162
31189
24850
23788
19354
13322
3008
1598
13270
11787
26594
27816
1126
21547
17487
10293
10113
4310
9880
6597
26065
2081
26694
9035
3538
12709
14690
12345
10876
17550
11323
8761
3361
10735
11875
30238
11928
26969
4859
13594
11163
17323
4656
1585
24686
28715
25094
29677
26561
12246
19541
14932
216
10997
26128
12567
8425
19697
19405
9740
13254
4712
1922
15326
20411
32128
909
8452
24762
9340
12024
13039
3765
3725
14074
24968
25420
21226
31169
26329
29352
11810
5742
9994
2983
433
15970
19600
13113
29138
11192
29857
28426
5525
24850
32747
9057
27953
5785
23429
2120
4763
30783
22054
31213
22616
6472
21909
10312
19087
16648
96
27134
18018
29934
12241
13957
7038
25537
15902
2953
27633
5674
1248
16783
15933
2163
8134
5081
30122
4494
18315
24457
9440
15193
22821
24073
28340
28704
23872
24233
26947
8547
9194
17290
14141
19418
18576
17852
19332
31927
12841
17571
2806
15403
25521
9375
16518
299
12505
235
6034
4724
11005
13510
4209
30925
23126
32721
9035
26252
6001
18873
1325
14427
6367
18709
17244
29500
2351
4498
10474
25547
14617
19789
8840
17091
16892
9600
5275
708
11403
7777
22418
11092
28610
27207
20086
25891
23584
30735
19394
7059
18192
16574
14454
22391
2728
6247
12647
14107
11669
1616
3801
10118
18262
26704
2639
17147
29865
25979
30370
30918
28739
29698
15953
25141
9156
30292
7192
26852
17642
13193
16836
8765
21253
12033
24901
1088
2219
9032
19461
22400
5548
9277
7288
2670
13640
11380
7669
18906
29856
6616
26308
695
15723
23957
22648
12575
30954
25397
31358
8343
24350
29448
25335
403
17976
5066
8643
30781
1617
12160
25054
2162
17755
32675
13552
781
16216
1152
15647
22633
24266
3039
10536
29729
14698
2787
13998
1562
17692
20273
11986
23748
22819
19284
4355
13468
20369
609
24599
8438
23298
22230
17819
29177
25738
16584
32616
15339
1516
12094
19319
25519
29709
6360
17911
21643
28072
32692
28060
17199
578
27793
16953
8691
17761
9525
12689
10849
16889
8717
18027
8179
16935
1812
19940
12317
16161
9205
26377
5006
3438
16244
12453
21684
6482
12810
2392
24446
18317
5071
5609
15973
20037
414
477
10413
6720
15731
11849
17896
5206
11799
17124
19133
23334
512
21856
21223
17673
31090
6907
7296
15940
7147
22609
2176
22402
23742
884
1153
6273
29438
19518
16837
27403
26781
32486
23929
12840
9429
29906
24123
24978
30151
1964
10971
10601
23907
15032
24158
2600
9607
3685
7497
25816
32619
12834
20508
23427
12860
2162
26396
5612
7431
12611
2901
15997
4057
3708
24800
19329
16421
30421
15970
26771
23653
2795
32213
5206
772
24724
19083
18023
8316
30831
4207
12688
30908
12736
28815
30271
24524
12411
24279
22838
26035
27039
19743
21123
31129
18885
1897
2227
18473
10745
9571
3139
22841
1736
13620
26455
12461
11674
884
21934
30360
21571
9340
14550
27301
20180
8929
7324
9910
22455
30523
24519
29898
7675
11563
21766
15396
3564
22940
28710
18858
2023
17992
21384
30603
31084
30334
20947
30756
3189
26915
14310
18469
24838
15352
29457
3055
1286
5146
26500
23617
7757
28623
2823
17940
31486
17791
6124
451
31767
5121
27714
9583
3654
18457
26956
22178
9471
6974
26418
16178
27595
20384
4341
18793
8675
28009
15528
26466
21501
25923
5086
27062
26726
15387
8287
10585
12625
9253
4383
2238
31087
10017
19312
4162
16063
17884
7286
10695
4008
12537
7899
16287
15941
32497
10437
17069
24064
857
22021
23494
16226
11108
658
19549
24105
936
18741
16992
30107
19237
23173
9053
12059
14211
16406
4841
7930
20123
24558
14402
911
31033
21560
1843
31370
13088
27453
4152
8325
31823
25487
7139
20188
28547
14471
5502
27583
8701
4850
2290
133
12421
12808
14312
2627
7599
24734
2605
14494
25949
19100
23899
3805
27013
18096
30646
6979
7221
26692
8788
14491
2772
28078
11905
3604
11946
24231
27233
16719
9891
28415
18647
3767
15951
31119
16550
15377
26158
10094
9942
6483
299
5992
2138
954
11110
6571
18159
7959
24118
21444
32071
14698
5487
24778
28263
3249
23008
16857
1102
21250
21792
12994
8663
24792
21131
14081
19424
14763
20871
29424
28076
21187
3340
9530
15494
30797
7267
21649
32423
2223
4397
1444
14682
31257
13992
3403
2654
24156
22062
21253
12428
22784
9470
6053
1977
15248
16191
5192
31710
15417
21570
1418
14199
31380
26632
30458
4392
18111
19972
25291
31910
24242
16673
31180
725
5584
15623
10138
1326
6845
31898
10003
20580
20336
16836
15119
16967
26505
19061
24395
1768
16612
5864
1446
12542
10862
25895
13200
12680
3383
1489
5055
29364
11209
28187
20515
6656
27577
11029
18461
13727
23931
6703
30444
22814
30330
2811
7784
27975
12648
11828
2546
14150
2259
30208
32171
23306
32762
19314
9700
23790
11742
15699
6870
26265
32412
3106
19603
21282
7929
14169
27453
18040
17983
28658
8054
21506
21064
5162
10007
30850
27096
6277
10789
27455
6448
530
23553
2659
7391
22000
15582
26274
20188
8721
3960
12828
27090
830
22276
5765
5819
19547
29026
13955
30896
13037
8602
24151
11007
9433
7814
10176
25983
11118
31180
5404
15136
32678
29456
26577
9926
13225
2919
13803
23128
5523
27918
775
1043
12151
31580
24687
32293
2212
7925
22662
7287
3111
8769
10599
3274
14481
12828
4809
32005
31994
22223
15142
31693
26437
31039
28700
18263
1958
18533
17939
32378
11618
4862
23328
26633
24790
27012
16681
17503
16059
7260
21322
23867
6312
27217
31352
18383
32472
29505
9572
3347
5934
17174
30626
11359
25974
2296
29707
11321
26862
20162
9824
11628
13061
17586
4144
13402
23394
30052
23803
7314
29992
30209
8599
27301
27001
26292
10963
28726
23353
22365
8027
30289
30740
25738
30939
25086
23234
8355
6247
1813
25225
7524
31259
7507
9220
10640
19454
2990
22308
5860
27692
32230
26228
7242
4661
30813
929
10320
10176
24104
25913
14296
5236
7526
4531
1297
280
30160
23472
8870
22008
3474
29568
22325
30859
18522
12776
19714
3156
5294
34
27117
15110
9090
294
25505
18411
15882
24616
25615
29318
11725
26722
21019
27768
27387
18963
4756
26272
1280
12488
21866
31110
31065
3802
17179
27898
27814
16952
7791
8952
31233
30310
11877
10703
3215
26566
1133
14722
30548
27671
29399
8303
16204
25659
18316
25390
19383
31549
7932
5052
28852
22162
25431
9177
2065
7071
19456
13998
3170
28284
28991
13747
27216
19960
18486
11472
31796
28893
6934
12739
25573
2165
20882
23233
14029
3148
7572
2144
12355
29496
24623
1716
24085
32151
23254
18872
31587
29912
203
18672
28084
1085
31961
15949
6211
3806
16198
19537
31130
9970
10244
20339
18274
2634
8487
24261
31866
18462
15772
16340
3398
29708
12311
20944
13898
2654
11853
13293
6391
27020
5220
11016
6852
1281
23719
2702
14977
13602
16255
9370
20456
18573
3998
1373
26998
15006
9854
32195
15481
13112
29962
16723
23401
13250
3227
7000
9851
5487
13349
32574
10868
15555
23987
30782
25019
9811
4112
15422
2995
12492
6343
26098
3655
18486
6734
6728
5575
22138
19071
7427
26354
7458
30023
6309
5972
23649
6050
7571
8146
27475
9927
7284
32131
9605
22431
24538
21697
20920
31356
18724
19072
26082
16136
21667
2015
19574
29820
10491
7165
3813
6674
13772
12302
2405
21436
9618
16814
3057
5910
9930
22388
3217
9369
20567
25547
20187
8466
9507
18941
9402
25427
31497
14737
11374
18985
18675
21463
12244
11918
8255
20417
2280
17951
21864
4084
12168
2512
7138
24351
21627
29918
6469
18060
11697
12293
13230
13045
22476
31988
8034
23448
28896
30206
28597
8077
20599
30226
12075
19800
217
15597
17116
2235
23946
9102
7453
17102
31507
29930
860
30801
15365
16098
27468
10816
14140
12146
13123
17576
21345
21035
14816
26554
15282
16867
6384
18205
4614
8875
1938
5001
523
30721
10138
8850
6611
11079
16948
18625
2959
22132
14282
6633
15514
9994
10023
952
17849
27976
4060
30349
18593
11168
29666
4233
16057
14955
15490
32489
9506
21468
26226
2451
10741
7218
14657
31982
16075
31282
3572
26103
13443
21461
26866
21650
17471
830
27421
6173
10672
6126
24130
10827
12948
14395
24755
15408
26492
14078
29746
6552
12755
12685
29713
22173
8988
18921
13976
31609
16763
20792
23975
8856
32119
30325
6812
15602
13566
19814
26999
28823
26537
16846
1853
17803
66
19173
10138
5333
22404
29445
11721
28115
21537
1958
27833
26064
19466
1420
12904
1496
2794
5439
8851
19147
8691
11196
9362
27569
25822
9066
26750
23117
14381
24911
18324
12789
5300
23172
990
2209
25687
3558
11024
22081
7189
17935
8368
26196
14150
14213
4985
1974
30752
20272
25090
28345
4480
17682
12955
32120
7656
18226
17015
26216
1987
20697
12305
23856
18161
513
17608
18875
6015
2827
460
12683
3510
176
29758
19280
11096
11322
5267
28857
23078
11252
13626
25226
28581
30687
17534
4847
7714
7846
26029
27151
30452
20180
9594
14565
25089
69
19872
20043
11908
20954
7112
25176
8461
28529
24493
19436
8905
5141
17534
13449
30211
31857
18820
15973
5099
23947
11780
20669
6038
13231
21607
32363
23111
32168
24728
15035
9453
14391
5550
20603
6892
11709
14027
20305
16928
28219
28483
25426
19487
892
1537
19151
1215
13713
24615
24178
2521
29566
5877
24458
12364
13363
9452
164
14916
25534
28211
23643
17084
12478
10297
20081
577
19995
25756
25374
20729
31988
17226
20647
2533
29401
4070
12083
13155
28731
20077
25307
4343
6944
31513
27648
586
29211
389
4577
21363
27516
12051
7020
25206
5316
9355
2645
15882
18012
2820
3174
8608
16262
4104
5910
29344
16019
27891
24924
8950
26967
32156
12229
7373
6618
10807
9925
7066
25424
10362
5962
5725
25419
22527
31127
7972
13104
15850
2640
23504
3559
25547
15825
31771
32215
7622
32196
20698
10002
31729
25843
26752
460
27389
27994
21732
6418
18457
17537
32324
8633
27667
14857
10121
32148
29120
31876
1996
32490
15263
6282
7450
38
31929
28169
7284
9169
18635
4060
8986
20670
28583
16799
3338
16004
10200
1986
5315
9777
19589
32221
8270
27453
12952
26435
24447
20669
22814
11738
8057
3801
30961
17194
30576
23680
14229
6067
12979
16731
353
7300
7145
17407
20191
777
3482
18534
22901
12069
27634
12960
836
3968
27586
8646
30288
20515
19144
22320
16097
6978
23856
7655
25898
23640
5210
18013
18985
14714
25310
2652
19406
14052
8654
27965
29791
14553
23355
27738
14619
22442
7674
5062
3102
14868
16039
19259
17796
27086
10731
28499
10193
22115
11259
2811
913
31294
20833
17701
15931
22019
17663
22206
16475
13862
20305
7392
3824
30390
23282
6984
5139
14713
8802
778
23258
16958
27398
4483
17020
28015
29040
23440
27830
29926
27361
22781
27501
30465
16396
17473
29076
29689
25885
8808
2896
13679
29434
1872
8538
21576
26057
27160
19366
20667
9394
7638
14146
28840
14054
17032
9088
22572
18912
16974
14935
4210
27883
11990
18439
28876
9700
4887
5628
7682
17217
3394
27893
5098
3922
17653
613
27960
18631
4530
21785
23960
1139
26001
15644
4602
23631
20529
13016
27437
4034
11764
4477
18096
31007
22380
22695
18885
31856
25872
12603
25286
21362
23348
14737
29884
23264
21048
23769
24878
17652
28415
14775
25655
21804
16290
23601
30427
2378
20582
20171
11163
21406
3308
18160
14663
19079
16808
28820
10260
28984
20884
7448
21743
32184
29734
22894
16144
16428
3967
12157
21457
3929
741
5831
11457
24165
30067
22601
29684
24541
32015
27042
25246
23037
12701
888
3552
4139
114
30488
30178
26052
21516
1884
2850
7707
25600
18642
7692
23999
16691
19738
27850
20733
29261
7568
17245
7078
13419
18732
25069
30227
13333
2470
7517
7013
21103
17373
28195
27921
19123
26489
24919
28573
19422
29135
8201
1188
23210
6150
216
1568
4029
23672
22464
9961
1568
4955
30772
15480
3570
6817
7533
22001
30558
18716
11521
17505
2506
22758
1975
30787
31569
20736
23706
22602
31860
12857
12876
30042
11276
27474
6813
16343
1923
22623
17500
8739
11076
20848
24430
9314
30576
3185
1820
32129
27859
22095
9905
13686
22038
26461
3141
15561
4406
22261
7636
7507
3381
29282
25747
10310
20495
31485
25219
17773
6383
3991
26182
18357
29347
17687
20786
27373
19021
12900
932
24266
24156
29574
25494
814
6587
26632
12660
14761
12104
12448
7980
28737
2440
12306
23941
18798
25241
4945
5041
1385
6248
9447
29989
4262
4388
28568
27048
23455
17394
29762
31658
24532
14818
30472
216
30224
6945
10159
12525
25069
7281
10568
7883
13978
24791
15632
18378
30940
9107
5268
11600
8787
15957
3865
11426
27135
24494
26170
2297
30211
1477
3539
23513
23208
4427
19230
24478
2724
1201
18204
18520
7325
17304
8247
7896
2537
26249
16165
21003
19096
30438
29455
29319
29364
10016
6387
19556
13511
23339
21063
21325
28062
5423
3807
5334
7501
6785
28176
9488
29043
25809
15126
14684
17599
13221
2227
25980
14259
20998
12313
12016
18088
25720
14090
27263
275
21296
24894
6164
17926
9346
28933
12491
10746
23449
23341
6988
27083
12138
29222
14936
3844
11754
19556
18849
10589
8063
27141
31967
16770
16053
23988
5408
26902
6195
31949
24671
3064
9965
23233
22361
26309
155
5053
19868
18078
9833
10886
26593
30251
19952
32168
19611
31711
13925
6095
17104
3454
24080
24437
13096
23773
11264
27069
16196
8682
25086
29855
25424
1515
27327
19526
21980
21515
22622
8118
6631
4882
9993
2226
30525
27764
6138
19165
19716
1165
14504
3615
29329
10283
27199
6218
6784
29517
32078
18942
27651
21802
13760
25290
18042
5493
19214
20627
25412
16096
14515
3642
18901
4831
29407
21881
18953
27310
21359
10254
28856
10645
21277
29724
10891
9323
25332
22478
2318
8793
31240
18493
24070
23264
11107
8084
8452
5405
22594
22130
21306
19532
21122
27791
21902
32140
853
17571
25837
737
27193
30595
12514
8063
2091
25229
16487
8518
2839
30023
6395
15241
19860
579
23540
32531
32462
5958
19991
4972
1731
8360
32102
5464
31411
23550
31033
16033
13777
24055
20624
15126
27199
12164
19112
20180
15929
17980
3532
12740
18833
23550
10350
17509
1883
27096
12406
460
4073
18983
27866
21225
12026
17920
15727
9995
10798
4559
13567
30118
19389
32062
6555
3413
1385
23129
16178
21531
16305
24559
28771
23790
10568
2875
22928
30326
6853
17603
10804
5906
25244
19585
24694
18972
3405
12609
29438
622
32219
22346
19719
30244
27264
21056
20661
26532
4511
5705
21417
32732
15098
17519
18900
7627
22821
5702
4744
16195
24379
11470
7125
26349
7887
18074
20498
9101
16933
8498
442
7303
13986
2487
18810
18339
7042
24773
2695
11277
2249
5533
4405
22176
17020
23684
32710
25443
11280
9318
32127
16468
4131
4031
23554
3429
4202
29884
9943
15813
20971
10397
20812
24160
14700
6749
30335
9641
19499
149
24505
12439
2255
7838
17661
4333
19615
25845
31713
4287
6386
28900
2205
20274
19686
12127
17762
6787
10069
10029
5101
11083
9477
11848
19803
9473
3871
3717
25663
32704
19939
23927
27890
16202
21401
2961
42
6990
13259
28300
11214
31974
15025
19208
26121
30052
6381
8566
13982
4686
30585
16949
2683
12967
2013
27899
26000
16752
25765
32631
26337
31087
22034
30517
21210
5679
20240
19137
6115
5704
13928
24079
309
29408
20535
5658
3052
28786
23455
20428
4701
27855
14524
15902
16809
20066
10969
29568
3475
30903
2788
6779
5774
27199
32288
8597
13850
26445
1306
24181
9553
22117
30430
27719
29117
12726
15466
18786
13421
12773
24675
30760
16200
5644
18183
10030
13473
11523
8803
9374
15627
990
30406
8409
20334
23990
17269
1120
16218
22701
9120
23796
1436
25644
31637
9724
30479
27759
1588
28712
23989
24388
22179
11348
10246
28175
8771
7599
8840
12562
26338
14108
28576
4075
16690
26584
12712
4958
1913
7005
6977
1109
31883
28807
23019
31781
12022
27638
3795
18963
22652
10675
18923
21015
20934
21014
15168
18656
28246
21991
3721
28951
21694
13763
9467
15848
9999
22721
8549
32447
3989
13910
31352
30799
1473
22390
1894
3801
24423
29436
15024
26027
554
10572
32568
6119
18740
9015
27550
28293
29482
6175
16329
14235
11358
32603
24772
8924
2375
28892
18124
18271
1327
30993
4519
13987
22828
25609
14135
16591
16209
17368
78
20030
30245
13883
18372
29242
6228
11647
12231
6920
7333
16542
16755
806
4652
18092
10914
18384
27841
16753
3590
18632
30129
23384
6517
13655
13491
31880
22147
27279
25885
15184
26966
1748
19287
11208
12726
22171
32400
21173
612
32368
31409
16302
25261
1598
3727
4733
3646
10699
31333
28616
10042
4738
21121
10481
20106
24181
31293
6970
5749
6306
19249
2605
880
1653
15527
31035
3895
28303
8015
18595
25116
15558
16693
6549
13983
10093
3567
15767
6976
14805
32539
13609
1681
26643
28937
420
29071
4100
12212
20072
27698
2959
20471
13622
24643
14378
10493
8667
30318
6048
506
6415
20888
28177
18456
26268
5235
314
24757
30403
25935
23798
27595
24283
